18102
34171
48236
10441
63428
42451
74881
32801
52771
41513
81076
87623
15259
57319
42758
80744
28199
22505
74707
67725
13883
87486
25070
10199
91803
60122
17884
41073
24778
46587
75477
78585
23143
67975
33304
19939
35520
73263
89352
65187
41347
64416
86648
91435
96712
89053
68596
22661
87094
10403
41029
62486
24752
59331
83839
19771
68258
69907
36611
69633
19461
43869
88115
27925
75724
14715
46237
22390
90584
89982
98196
83394
68840
21728
83742
43346
79097
13016
28401
18245
99352
33202
88303
95205
80929
18847
36538
40204
52395
62145
29945
99218
92009
83998
50338
43724
86537
89079
32728
60742
35894
66329
42434
65046
41778
62183
37564
46436
58111
13914
67992
42766
97620
12930
14208
41890
81680
84864
29905
35753
73868
17253
72538
77189
81736
33322
48157
28398
51735
42009
25466
52459
57747
12226
41445
15088
21076
24923
47057
14281
58163
41046
25315
88847
25550
37785
42166
36739
13289
95744
23230
89299
94591
19517
38689
55241
80752
24799
13063
27395
78086
49641
60112
57026
34007
49274
14926
54717
16315
90753
99446
51171
65577
59152
98558
60772
89469
78257
17794
17963
10250
11455
89464
68825
18793
78236
54490
16188
17889
88466
30083
83012
70675
13694
58909
40234
51671
91196
86378
81435
52846
96254
28810
57295
56262
70230
22599
42130
52701
62915
76676
92756
85607
59730
32152
83584
91305
92411
30000
48046
53235
58381
81243
46414
14203
94671
25932
15761
41032
95383
63041
62397
31632
73259
39665
80475
71036
72272
60444
62938
91946
65936
46418
75068
39001
41161
15026
42469
56940
14981
18795
51498
18298
57977
99404
16709
52847
19595
75552
56206
21473
92226
77631
32460
68228
93156
43009
14468
38918
63144
64474
59151
74740
46043
19176
80639
12346
32789
30312
90241
61418
52839
59507
51774
72851
21231
17825
48685
90363
32135
89692
71792
24754
15559
73777
73826
61029
21893
72680
54635
46537
28015
80768
52593
15701
97543
33327
60326
71666
68900
27686
39616
51033
25015
41682
79008
49472
98674
33282
59585
86450
14432
67623
84033
13957
55400
13167
34835
71718
95411
57118
41944
88120
11752
85462
85424
79713
16019
17655
26672
82553
23188
56490
46951
85961
51560
94957
27650
70629
25129
62148
44331
69734
21661
13612
90689
92312
98598
68752
30190
36730
52267
59707
80349
63683
74727
86012
39964
16119
33146
90376
22904
87159
23078
23361
71970
10411
31178
50980
45078
91447
71418
76636
30598
28434
40660
62848
28084
12699
59263
26439
17391
93530
45542
69388
80066
63149
27861
62609
78241
98783
21987
31758
21749
70377
65877
74993
53846
67812
32323
18461
38165
80422
43219
84785
54985
18275
54638
76547
15874
86965
97038
13828
21733
84471
26596
16529
25443
15059
81770
81309
35589
94630
53197
29523
46055
85203
39329
18663
50108
41019
89169
93556
69891
40270
82965
22455
41669
71630
48390
44783
59867
36112
81101
54551
20993
50680
63128
94509
10577
25724
17317
39300
76421
43817
75711
34480
64585
64685
43062
81760
63083
39425
17622
64617
59190
81175
93869
62866
26396
87276
79144
23812
31923
87102
40295
92002
62557
73197
68891
39756
19915
43089
30343
50332
26000
67720
41227
97647
76020
40485
16962
30066
31118
41928
82656
94155
52515
48519
64922
73451
31917
96992
60790
68218
80344
94057
74830
70462
76371
56899
92898
34979
37736
41607
48181
72333
13666
91781
77373
94719
65491
88464
98595
16665
42861
38767
31642
54565
51346
38258
35980
13015
79811
29887
48972
43907
15478
97895
93779
19906
69778
66203
91035
27450
11710
61760
50614
89099
75125
55904
76167
94908
58478
20475
21737
90464
12941
48793
60186
11894
55293
33993
47080
73306
95473
35272
20187
48764
65430
79522
98586
11131
15190
14978
83286
40748
25325
24813
52110
75599
23138
63416
13853
60874
32281
80353
24683
42421
75909
22940
80544
62292
98462
46560
87289
88955
70992
81256
28446
83121
16108
34016
55211
20806
17271
35249
25159
40337
60006
60866
66540
90000
57957
54883
65202
56318
43827
81395
69790
17754
92786
98085
50334
35482
32883
62378
99609
35356
78375
37024
24204
72637
17428
80886
66117
77402
66620
37470
56642
16039
23520
39995
31430
59277
77197
93312
81972
99910
83510
52934
60313
86206
32957
18748
34408
64561
89324
86562
34014
52477
82112
46837
42855
76285
48498
87628
25039
44726
36316
55475
40885
55982
28353
90070
92571
64040
66045
76075
69898
31897
45288
61402
43939
83915
51714
55728
19212
50471
11253
36282
99765
40255
65591
88588
53096
32485
90637
23957
15301
99304
42581
89403
88697
23646
82798
19417
99035
99372
49134
41732
69058
85817
80628
98869
21540
36075
74841
29826
74966
76789
42909
61686
65851
38529
64968
99647
49851
88523
92200
21926
85918
35092
39857
80393
97911
90571
48736
77924
18866
21299
81796
93562
89376
68027
13032
28892
96012
96357
93590
39169
69505
27406
45575
10640
42859
54319
36900
16622
55267
60719
63099
14798
89944
40221
75498
91475
23362
56739
57452
60950
78516
27941
27521
33707
93324
57954
10142
93400
10246
96780
90160
75452
51405
30558
80443
53073
23213
86395
26118
77828
83431
66085
87013
78095
92609
97658
97452
63195
22526
40153
77603
21804
70021
39030
44696
98142
18276
61036
89542
36218
59135
44366
73468
30939
66589
39929
25239
74819
77393
89793
70491
13636
58152
30693
31134
12324
67104
89552
96869
61641
92835
51442
40162
92491
11753
95247
11256
93258
24504
85713
19158
50458
48386
68720
36101
57165
22469
99737
58884
29461
86864
91962
93672
89453
86350
42288
17267
30518
76868
55662
31658
99589
64736
16281
32687
77273
52616
35719
87282
49495
41116
65977
87148
71950
93432
47256
60388
52721
46321
31533
82098
60520
62425
90692
29160
28072
29207
96928
88074
11262
70439
46426
97124
97733
60902
20406
49465
92723
82785
85690
46301
70543
77397
78434
43358
38412
54633
27215
98736
12981
79201
71849
27785
57013
99403
22632
12033
66675
23066
80100
77822
70694
38583
29014
71974
44442
89670
58205
26610
50111
81769
80727
54969
88744
66642
38035
86110
74806
26849
27007
80555
64197
88661
16011
18265
73365
71259
53163
67421
61567
78176
68680
83969
99427
64286
69259
65989
74866
91571
61137
86810
91215
57984
64054
25371
56931
42448
77910
27234
55971
53910
59015
36568
93228
38858
37570
43634
61671
14455
69564
75007
83030
27889
90946
12614
61381
90763
13117
13363