93258
50404
60718
41669
45329
56834
39407
36101
79895
78731
52363
35520
96330
78241
41144
20357
55267
35520
74819
96130
35520
55267
30977
74819
75066
78266
61488
81666
15223
87276
82771
59630
20028
13674
70802
50051
52616
19938
99541
80938
35520
57744
22827
47131
38412
76476
31155
30518
22104
46003
68410
54054
47138
80259
84471
87508
73947
93126
87565
35520
20361
86799
13167
21142
33150
66772
88588
57154
66789
55267
93258
28441
50490
36730
60945
38412
84471
35520
41164
81634
39461
36444
14489
90462
97718
78535
10273
76019
80344
55267
74391
14416
42686
36730
81796
90026
33172
44444
41669
67245
42369
16357
19057
13593
42363
46290
10310
94358
74819
85272
46429
46993
79909
36101
62020
36730
21444
64563
72690
52398
35520
29006
88588
89503
18206
31658
79144
45304
83365
59880
41416
99199
36730
12617
33884
42664
99403
36730
87695
76662
75603
88588
52616
31193
35520
54965
81663
55267
58788
62866
41669
88513
57796
78347
71550
41669
85442
84471
55267
80539
41669
13167
63395
15781
29172
72405
96924
58045
22728
82631
13167
81263
51430
40932
41284
88588
93258
51498
63128
99564
12980
64655
78241
20389
81458
41669
94531
51392
41669
55267
84471
57306
81796
84854
38592
94238
81883
49891
92193
83848
38940
85424
35155
68573
94606
29354
10175
30343
99403
12166
88588
55926
84471
67890
56550
12212
52052
62866
24317
39809
93258
30343
39857
37480
19491
53889
74714
95661
87276
12977
37164
38420
80344
63756
53750
32801
88588
79144
94808
98520
39934
81849
56506
97162
52616
30343
35598
41669
80344
79323
70311
79144
39857
95908
90175
94746
17022
32739
54475
73676
79204
37522
41409
39212
89367
51665
54778
63363
43492
83443
99403
68155
84352
66174
79144
36730
18866
35520
13167
34021
95707
52960
11557
80344
31658
52129
67968
80344
14286
81656
93229
84471
91630
17945
62866
93258
10131
79844
80344
80344
96585
51978
99403
31658
83366
45838
55267
10669
68499
91751
40337
62866
37907
14676
19585
36730
47063
62202
84471
75619
58477
87276
18866
69700
40073
21005
36730
15933
58623
97681
94831
62866
62866
32137
36211
46228
80344
62866
38412
17352
76385
71537
39857
13167
13877
77830
52616
74995
73120
32171
48774
87276
37018
51261
82993
13167
86533
80344
41669
35520
50595
64296
65310
62885
45682
82966
81529
88805
69720
70138
97651
98429
29634
18154
32845
63128
92866
88588
27848
77661
42358
32868
78241
93258
38738
79275
99403
38612
59071
81796
62866
78241
45014
97173
13423
28361
95510
81796
28829
64755
53082
31658
18211
79144
52464
97679
57174
78241
39783
63362
91739
31920
39857
31658
30343
88562
62866
78780
55267
41010
36101
74819
44487
79144
16719
15857
28650
35348
43502
36730
78241
69602
35179
76827
66364
30993
60814
53071
32233
99922
98673
76809
52782
54164
51225
46304
40010
32801
15002
61558
78241
32801
31658
91237
96109
92021
38412
84471
80344
99239
84471
20799
76645
67643
20959
58027
35520
64739
99403
58999
88588
40045
36730
80859
36051
85424
97509
51498
61413
71626
98001
48463
31658
47911
81796
85346
66371
65288
53046
80787
37172
60878
32558
31658
66707
58109
82142
56943
47831
38412
84471
53016
28740
54102
99913
38412
34933
48131
45948
51902
81796
93734
56765
48526
75199
59642
47998
99403
56217
18624
90796
66333
72161
80344
32801
41716
26215
78112
85424
83784
94693
41669
47980
56821
57249
81712
65492
39581
86820
74706
81796
77859
61175
14561
12736
31658
40337
45373
52030
15247
88588
98196
63897
39857
63128
77533
31658
74819
87276
46470
39857
37911
47677
18866
37504
13167
99403
84669
62866
84471
39857
21637
76974
64256
62866
74936
59929
36730
59657
16092
28419
21238
97814
32801
39857
78490
81839
20040
58230
79030
95523
63833
65152
98184
80344
88588
72102
84471
38412
86850
36074
96507
58866
38182
56050
79144
15573
25439
38412
29484
95224
74352
37646
29561
87737
99403
76966
67894
58440
32338
38412
93258
58211
38113
80382
41669
22865
39813
40970
86084
55267
31658
88588
48963
58393
70992
14433
73135
36730
68903
13132
27308
38412
58766
18866
59583
72213
23574
26120
97207
99994
59100
75647
77373
16018
21617
84197
60483
79880
34604
99403
32544
62733
53708
59570
63137
95075
88588
99403
98669
54060
91468
51376
89033
10788
11016
95461
23870
84471
17593
12512
61324
41669
93258
87664
50972
77373
44321
47585
35520
78241
77373
40079
79476
87612
70302
61718
48853
15323
36730
61657
88588
84064
31658
30358
62672
52616
35520
55267
74819
38412
99633
78241
46405
81942
41669
72825
54991
77622
11067
49561
51302
52817
47979
18345
44446
62399
16533
68948
33155
33664
76884
93258
98787
64090
58698
70935
13167
38412
35520
55267
78241
80344
33948
59217
43227
35520
83686
63128
80344
74597
45742
96860
36730
75225
79144
57468
72691
90025
76769
81796
83140
79144
25412
69420
67773
76647
89641
73504
10781
75932
36730
31658
22601
55267
35601
36563
39524
81796
80344
97510
99403
62443
66529
88588
91799
78745
96525
79144
51708
80879
28886
68015
30788
43844
56573
55181
60714
98419
38412
81796
19529
56790
80344
27229
32801
96068
49425
95504
79144
79144
88145
26067
27010
20686
30343
54162
69052
14279
91528
99403
87980
61548
40559
26766
83054
63975
79144
40299
87276
74480
56646
99403
87276
19897
61607
35941
22474
84471
36730
42507
28786
41669
84338
16076
35520
79627
30343
41669
25813
41965
81796
41669
22205
90932
79144
78241
31658
14211
65158
98196
72295
77373
51538
83913
90636
98263
18583
55555
62866
44542
98196
31658
36101
62886
66131
83572
71835
12817
36101
17763
56436
31658
66523
99639
41570
24165
58593
87348
27970
64362
35520
98196
65803
57775
99403
65721
40337
11960
55022
31658
12630
40192
96336
79144
82128
18866
24075
84471
49899
84471
60801
39158
13167
89992
22650
60568
45527
93385
65619
48333
61358
25687
40337
13427
88588
26830
77373
16445
67354
31674
43658
18628
97566
39095
78640
94472
92693
52583
32340
36267
55267
15549
41669
81796
43640
81796
74184
38412
66673
93396
78794
32236
18331
32801
19847
46289
84471
80344
42238
39797
12791
99109
59805
65563
88588
49401
60112
55267
70365
72545
99342
74819
84471
45167
93258
97531
58600
41669
23987
67247
23754
16842
18866
92940
21883
41669
48654
36109
39324
61102
36730
35520
41669
41125
70263
18549
45873
44089
84471